
===============================================================================
day 1
===============================================================================

===============================================================================
parts buffer status on line 4:GREEN and buffer = [50, 50, 50, 50, 50, 50, 50, 50, 50, 50, 50, 50, 50, 50, 50, 50, 50, 50, 50, 50, 50, 50, 50, 50, 50, 50, 50, 50, 50, 50, 50, 50, 50, 50, 50, 50, 50, 50, 50, 50, 50, 50, 50, 50, 50, 50, 50, 50, 50, 50, 50, 50, 50, 50, 50, 50, 50, 50, 50, 50, 50, 50, 50, 50, 50, 50, 50, 50, 50, 50, 50, 50, 50, 50, 50, 50, 50, 50, 50, 50, 50, 50, 50, 50, 50, 50, 50, 50, 50, 50, 50, 50, 50, 50, 50, 50, 50, 50, 50, 50]
===============================================================================

===============================================================================
order of product 5 sent
===============================================================================

===============================================================================
day 2
===============================================================================

===============================================================================
parts buffer status on line 4:RED and buffer = [42, 42, 42, 42, 42, 42, 42, 42, 42, 42, 42, 42, 42, 42, 42, 42, 42, 42, 42, 42, 42, 42, 42, 42, 42, 42, 42, 42, 42, 42, 42, 42, 42, 42, 42, 42, 42, 42, 42, 42, 42, 42, 42, 42, 90, 42, 90, 90, 42, 90, 42, 2, 90, 2, 90, 42, 90, 42, 90, 2, 90, 90, 42, 50, 90, 42, 50, 42, 90, 42, 90, 42, 90, 2, 42, 42, 42, 42, 90, 90, 90, 50, 42, 42, 90, 42, 42, 42, 42, 50, 42, 42, 42, 42, 42, 42, 90, 42, 90, 42]
===============================================================================

===============================================================================
LINE 4 BROKE: LACK OF PART STOCK
===============================================================================

===============================================================================
day 3
===============================================================================

===============================================================================
parts buffer status on line 4:GREEN and buffer = [42, 42, 42, 42, 42, 42, 42, 42, 42, 42, 42, 42, 42, 42, 42, 42, 42, 42, 42, 42, 42, 42, 42, 42, 42, 42, 42, 42, 42, 42, 42, 42, 42, 42, 42, 42, 42, 42, 42, 42, 42, 42, 42, 42, 90, 42, 90, 90, 42, 90, 42, 42, 90, 42, 90, 42, 90, 42, 90, 42, 90, 90, 42, 50, 90, 42, 50, 42, 90, 42, 90, 42, 90, 42, 42, 42, 42, 42, 90, 90, 90, 50, 42, 42, 90, 42, 42, 42, 42, 50, 42, 42, 42, 42, 42, 42, 90, 42, 90, 42]
===============================================================================

===============================================================================
LINE 4 BROKE: LACK OF PART STOCK
===============================================================================

===============================================================================
day 4
===============================================================================

===============================================================================
parts buffer status on line 4:GREEN and buffer = [42, 42, 42, 42, 42, 42, 42, 42, 42, 42, 42, 42, 42, 42, 42, 42, 42, 42, 42, 42, 42, 42, 42, 42, 42, 42, 42, 42, 42, 42, 42, 42, 42, 42, 42, 42, 42, 42, 42, 42, 42, 42, 42, 42, 90, 42, 90, 90, 42, 90, 42, 42, 90, 42, 90, 42, 90, 42, 90, 42, 90, 90, 42, 50, 90, 42, 50, 42, 90, 42, 90, 42, 90, 42, 42, 42, 42, 42, 90, 90, 90, 50, 42, 42, 90, 42, 42, 42, 42, 50, 42, 42, 42, 42, 42, 42, 90, 42, 90, 42]
===============================================================================

===============================================================================
LINE 4 BROKE: LACK OF PART STOCK
===============================================================================

===============================================================================
day 5
===============================================================================

===============================================================================
parts buffer status on line 4:GREEN and buffer = [42, 42, 42, 42, 42, 42, 42, 42, 42, 42, 42, 42, 42, 42, 42, 42, 42, 42, 42, 42, 42, 42, 42, 42, 42, 42, 42, 42, 42, 42, 42, 42, 42, 42, 42, 42, 42, 42, 42, 42, 42, 42, 42, 42, 90, 42, 90, 90, 42, 90, 42, 42, 90, 42, 90, 42, 90, 42, 90, 42, 90, 90, 42, 50, 90, 42, 50, 42, 90, 42, 90, 42, 90, 42, 42, 42, 42, 42, 90, 90, 90, 50, 42, 42, 90, 42, 42, 42, 42, 50, 42, 42, 42, 42, 42, 42, 90, 42, 90, 42]
===============================================================================

===============================================================================
LINE 4 BROKE: LACK OF PART STOCK
===============================================================================

===============================================================================
day 6
===============================================================================

===============================================================================
parts buffer status on line 4:GREEN and buffer = [42, 42, 42, 42, 42, 42, 42, 42, 42, 42, 42, 42, 42, 42, 42, 42, 42, 42, 42, 42, 42, 42, 42, 42, 42, 42, 42, 42, 42, 42, 42, 42, 42, 42, 42, 42, 42, 42, 42, 42, 42, 42, 42, 42, 90, 42, 90, 90, 42, 90, 42, 42, 90, 42, 90, 42, 90, 42, 90, 42, 90, 90, 42, 50, 90, 42, 50, 42, 90, 42, 90, 42, 90, 42, 42, 42, 42, 42, 90, 90, 90, 50, 42, 42, 90, 42, 42, 42, 42, 50, 42, 42, 42, 42, 42, 42, 90, 42, 90, 42]
===============================================================================

===============================================================================
LINE 4 BROKE: LACK OF PART STOCK
===============================================================================

===============================================================================
day 7
===============================================================================

===============================================================================
parts buffer status on line 4:GREEN and buffer = [42, 42, 42, 42, 42, 42, 42, 42, 42, 42, 42, 42, 42, 42, 42, 42, 42, 42, 42, 42, 42, 42, 42, 42, 42, 42, 42, 42, 42, 42, 42, 42, 42, 42, 42, 42, 42, 42, 42, 42, 42, 42, 42, 42, 90, 42, 90, 90, 42, 90, 42, 42, 90, 42, 90, 42, 90, 42, 90, 42, 90, 90, 42, 50, 90, 42, 50, 42, 90, 42, 90, 42, 90, 42, 42, 42, 42, 42, 90, 90, 90, 50, 42, 42, 90, 42, 42, 42, 42, 50, 42, 42, 42, 42, 42, 42, 90, 42, 90, 42]
===============================================================================

===============================================================================
LINE 4 BROKE: LACK OF PART STOCK
===============================================================================
