
===============================================================================
day 1
===============================================================================

===============================================================================
parts buffer status on line 1:GREEN and buffer = [50, 50, 50, 50, 50, 50, 50, 50, 50, 50, 50, 50, 50, 50, 50, 50, 50, 50, 50, 50, 50, 50, 50, 50, 50, 50, 50, 50, 50, 50, 50, 50, 50, 50, 50, 50, 50, 50, 50, 50, 50, 50, 50, 50, 50, 50, 50, 50, 50, 50, 50, 50, 50, 50, 50, 50, 50, 50, 50, 50, 50, 50, 50, 50, 50, 50, 50, 50, 50, 50, 50, 50, 50, 50, 50, 50, 50, 50, 50, 50, 50, 50, 50, 50, 50, 50, 50, 50, 50, 50, 50, 50, 50, 50, 50, 50, 50, 50, 50, 50]
===============================================================================

===============================================================================
order of product 2 sent
===============================================================================

===============================================================================
day 2
===============================================================================

===============================================================================
parts buffer status on line 1:RED and buffer = [42, 42, 42, 42, 42, 42, 42, 42, 42, 42, 42, 42, 42, 42, 42, 42, 42, 42, 42, 42, 42, 42, 42, 42, 42, 42, 42, 42, 42, 42, 42, 42, 42, 42, 42, 42, 42, 42, 42, 42, 42, 42, 42, 42, 50, 90, 50, 50, 50, 2, 2, 50, 50, 50, 42, 42, 90, 50, 50, 50, 42, 2, 2, 50, 50, 50, 50, 2, 50, 50, 42, 42, 50, 50, 2, 50, 90, 42, 90, 50, 50, 50, 2, 2, 2, 90, 50, 50, 42, 50, 42, 90, 42, 90, 42, 50, 90, 2, 90, 2]
===============================================================================

===============================================================================
LINE 1 BROKE: LACK OF PART STOCK
===============================================================================

===============================================================================
day 3
===============================================================================

===============================================================================
parts buffer status on line 1:GREEN and buffer = [42, 42, 42, 42, 42, 42, 42, 42, 42, 42, 42, 42, 42, 42, 42, 42, 42, 42, 42, 42, 42, 42, 42, 42, 42, 42, 42, 42, 42, 42, 42, 42, 42, 42, 42, 42, 42, 42, 42, 42, 42, 42, 42, 42, 90, 90, 90, 90, 90, 42, 42, 90, 90, 90, 42, 42, 90, 90, 90, 90, 42, 42, 42, 50, 90, 90, 50, 42, 90, 90, 42, 42, 90, 90, 42, 90, 90, 42, 90, 90, 90, 50, 42, 42, 42, 90, 90, 90, 42, 50, 42, 90, 42, 90, 42, 90, 90, 42, 90, 42]
===============================================================================

===============================================================================
LINE 1 BROKE: LACK OF PART STOCK
===============================================================================

===============================================================================
day 4
===============================================================================

===============================================================================
parts buffer status on line 1:GREEN and buffer = [42, 42, 42, 42, 42, 42, 42, 42, 42, 42, 42, 42, 42, 42, 42, 42, 42, 42, 42, 42, 42, 42, 42, 42, 42, 42, 42, 42, 42, 42, 42, 42, 42, 42, 42, 42, 42, 42, 42, 42, 42, 42, 42, 42, 90, 90, 90, 90, 90, 42, 42, 90, 90, 90, 42, 42, 90, 90, 90, 90, 42, 42, 42, 50, 90, 90, 50, 42, 90, 90, 42, 42, 90, 90, 42, 90, 90, 42, 90, 90, 90, 50, 42, 42, 42, 90, 90, 90, 42, 50, 42, 90, 42, 90, 42, 90, 90, 42, 90, 42]
===============================================================================

===============================================================================
LINE 1 BROKE: LACK OF PART STOCK
===============================================================================

===============================================================================
day 5
===============================================================================

===============================================================================
parts buffer status on line 1:GREEN and buffer = [42, 42, 42, 42, 42, 42, 42, 42, 42, 42, 42, 42, 42, 42, 42, 42, 42, 42, 42, 42, 42, 42, 42, 42, 42, 42, 42, 42, 42, 42, 42, 42, 42, 42, 42, 42, 42, 42, 42, 42, 42, 42, 42, 42, 90, 90, 90, 90, 90, 42, 42, 90, 90, 90, 42, 42, 90, 90, 90, 90, 42, 42, 42, 50, 90, 90, 50, 42, 90, 90, 42, 42, 90, 90, 42, 90, 90, 42, 90, 90, 90, 50, 42, 42, 42, 90, 90, 90, 42, 50, 42, 90, 42, 90, 42, 90, 90, 42, 90, 42]
===============================================================================

===============================================================================
LINE 1 BROKE: LACK OF PART STOCK
===============================================================================

===============================================================================
day 6
===============================================================================

===============================================================================
parts buffer status on line 1:GREEN and buffer = [42, 42, 42, 42, 42, 42, 42, 42, 42, 42, 42, 42, 42, 42, 42, 42, 42, 42, 42, 42, 42, 42, 42, 42, 42, 42, 42, 42, 42, 42, 42, 42, 42, 42, 42, 42, 42, 42, 42, 42, 42, 42, 42, 42, 90, 90, 90, 90, 90, 42, 42, 90, 90, 90, 42, 42, 90, 90, 90, 90, 42, 42, 42, 50, 90, 90, 50, 42, 90, 90, 42, 42, 90, 90, 42, 90, 90, 42, 90, 90, 90, 50, 42, 42, 42, 90, 90, 90, 42, 50, 42, 90, 42, 90, 42, 90, 90, 42, 90, 42]
===============================================================================

===============================================================================
LINE 1 BROKE: LACK OF PART STOCK
===============================================================================

===============================================================================
day 7
===============================================================================

===============================================================================
parts buffer status on line 1:GREEN and buffer = [42, 42, 42, 42, 42, 42, 42, 42, 42, 42, 42, 42, 42, 42, 42, 42, 42, 42, 42, 42, 42, 42, 42, 42, 42, 42, 42, 42, 42, 42, 42, 42, 42, 42, 42, 42, 42, 42, 42, 42, 42, 42, 42, 42, 90, 90, 90, 90, 90, 42, 42, 90, 90, 90, 42, 42, 90, 90, 90, 90, 42, 42, 42, 50, 90, 90, 50, 42, 90, 90, 42, 42, 90, 90, 42, 90, 90, 42, 90, 90, 90, 50, 42, 42, 42, 90, 90, 90, 42, 50, 42, 90, 42, 90, 42, 90, 90, 42, 90, 42]
===============================================================================

===============================================================================
LINE 1 BROKE: LACK OF PART STOCK
===============================================================================
