
===============================================================================
day 1
===============================================================================

===============================================================================
parts buffer status on line 3:GREEN and buffer = [50, 50, 50, 50, 50, 50, 50, 50, 50, 50, 50, 50, 50, 50, 50, 50, 50, 50, 50, 50, 50, 50, 50, 50, 50, 50, 50, 50, 50, 50, 50, 50, 50, 50, 50, 50, 50, 50, 50, 50, 50, 50, 50, 50, 50, 50, 50, 50, 50, 50, 50, 50, 50, 50, 50, 50, 50, 50, 50, 50, 50, 50, 50, 50, 50, 50, 50, 50, 50, 50, 50, 50, 50, 50, 50, 50, 50, 50, 50, 50, 50, 50, 50, 50, 50, 50, 50, 50, 50, 50, 50, 50, 50, 50, 50, 50, 50, 50, 50, 50]
===============================================================================

===============================================================================
order of product 4 sent
===============================================================================

===============================================================================
day 2
===============================================================================

===============================================================================
parts buffer status on line 3:RED and buffer = [42, 42, 42, 42, 42, 42, 42, 42, 42, 42, 42, 42, 42, 42, 42, 42, 42, 42, 42, 42, 42, 42, 42, 42, 42, 42, 42, 42, 42, 42, 42, 42, 42, 42, 42, 42, 42, 42, 42, 42, 42, 42, 42, 42, 2, 42, 2, 42, 2, 42, 90, 50, 2, 50, 90, 42, 90, 2, 42, 50, 90, 90, 42, 50, 90, 90, 50, 42, 90, 90, 90, 42, 90, 50, 42, 42, 90, 90, 42, 42, 42, 50, 90, 90, 90, 90, 90, 42, 42, 50, 42, 42, 90, 42, 42, 2, 42, 42, 42, 42]
===============================================================================

===============================================================================
LINE 3 BROKE: LACK OF PART STOCK
===============================================================================

===============================================================================
day 3
===============================================================================

===============================================================================
parts buffer status on line 3:GREEN and buffer = [42, 42, 42, 42, 42, 42, 42, 42, 42, 42, 42, 42, 42, 42, 42, 42, 42, 42, 42, 42, 42, 42, 42, 42, 42, 42, 42, 42, 42, 42, 42, 42, 42, 42, 42, 42, 42, 42, 42, 42, 42, 42, 42, 42, 42, 42, 42, 42, 42, 42, 90, 90, 42, 90, 90, 42, 90, 42, 42, 90, 90, 90, 42, 50, 90, 90, 50, 42, 90, 90, 90, 42, 90, 90, 42, 42, 90, 90, 42, 42, 42, 50, 90, 90, 90, 90, 90, 42, 42, 50, 42, 42, 90, 42, 42, 42, 42, 42, 42, 42]
===============================================================================

===============================================================================
LINE 3 BROKE: LACK OF PART STOCK
===============================================================================

===============================================================================
day 4
===============================================================================

===============================================================================
parts buffer status on line 3:GREEN and buffer = [42, 42, 42, 42, 42, 42, 42, 42, 42, 42, 42, 42, 42, 42, 42, 42, 42, 42, 42, 42, 42, 42, 42, 42, 42, 42, 42, 42, 42, 42, 42, 42, 42, 42, 42, 42, 42, 42, 42, 42, 42, 42, 42, 42, 42, 42, 42, 42, 42, 42, 90, 90, 42, 90, 90, 42, 90, 42, 42, 90, 90, 90, 42, 50, 90, 90, 50, 42, 90, 90, 90, 42, 90, 90, 42, 42, 90, 90, 42, 42, 42, 50, 90, 90, 90, 90, 90, 42, 42, 50, 42, 42, 90, 42, 42, 42, 42, 42, 42, 42]
===============================================================================

===============================================================================
LINE 3 BROKE: LACK OF PART STOCK
===============================================================================

===============================================================================
day 5
===============================================================================

===============================================================================
parts buffer status on line 3:GREEN and buffer = [42, 42, 42, 42, 42, 42, 42, 42, 42, 42, 42, 42, 42, 42, 42, 42, 42, 42, 42, 42, 42, 42, 42, 42, 42, 42, 42, 42, 42, 42, 42, 42, 42, 42, 42, 42, 42, 42, 42, 42, 42, 42, 42, 42, 42, 42, 42, 42, 42, 42, 90, 90, 42, 90, 90, 42, 90, 42, 42, 90, 90, 90, 42, 50, 90, 90, 50, 42, 90, 90, 90, 42, 90, 90, 42, 42, 90, 90, 42, 42, 42, 50, 90, 90, 90, 90, 90, 42, 42, 50, 42, 42, 90, 42, 42, 42, 42, 42, 42, 42]
===============================================================================

===============================================================================
LINE 3 BROKE: LACK OF PART STOCK
===============================================================================

===============================================================================
day 6
===============================================================================

===============================================================================
parts buffer status on line 3:GREEN and buffer = [42, 42, 42, 42, 42, 42, 42, 42, 42, 42, 42, 42, 42, 42, 42, 42, 42, 42, 42, 42, 42, 42, 42, 42, 42, 42, 42, 42, 42, 42, 42, 42, 42, 42, 42, 42, 42, 42, 42, 42, 42, 42, 42, 42, 42, 42, 42, 42, 42, 42, 90, 90, 42, 90, 90, 42, 90, 42, 42, 90, 90, 90, 42, 50, 90, 90, 50, 42, 90, 90, 90, 42, 90, 90, 42, 42, 90, 90, 42, 42, 42, 50, 90, 90, 90, 90, 90, 42, 42, 50, 42, 42, 90, 42, 42, 42, 42, 42, 42, 42]
===============================================================================

===============================================================================
LINE 3 BROKE: LACK OF PART STOCK
===============================================================================

===============================================================================
day 7
===============================================================================

===============================================================================
parts buffer status on line 3:GREEN and buffer = [42, 42, 42, 42, 42, 42, 42, 42, 42, 42, 42, 42, 42, 42, 42, 42, 42, 42, 42, 42, 42, 42, 42, 42, 42, 42, 42, 42, 42, 42, 42, 42, 42, 42, 42, 42, 42, 42, 42, 42, 42, 42, 42, 42, 42, 42, 42, 42, 42, 42, 90, 90, 42, 90, 90, 42, 90, 42, 42, 90, 90, 90, 42, 50, 90, 90, 50, 42, 90, 90, 90, 42, 90, 90, 42, 42, 90, 90, 42, 42, 42, 50, 90, 90, 90, 90, 90, 42, 42, 50, 42, 42, 90, 42, 42, 42, 42, 42, 42, 42]
===============================================================================

===============================================================================
LINE 3 BROKE: LACK OF PART STOCK
===============================================================================
