
===============================================================================
day 1
===============================================================================

===============================================================================
parts buffer status on line 0:GREEN and buffer = [50, 50, 50, 50, 50, 50, 50, 50, 50, 50, 50, 50, 50, 50, 50, 50, 50, 50, 50, 50, 50, 50, 50, 50, 50, 50, 50, 50, 50, 50, 50, 50, 50, 50, 50, 50, 50, 50, 50, 50, 50, 50, 50, 50, 50, 50, 50, 50, 50, 50, 50, 50, 50, 50, 50, 50, 50, 50, 50, 50, 50, 50, 50, 50, 50, 50, 50, 50, 50, 50, 50, 50, 50, 50, 50, 50, 50, 50, 50, 50, 50, 50, 50, 50, 50, 50, 50, 50, 50, 50, 50, 50, 50, 50, 50, 50, 50, 50, 50, 50]
===============================================================================

===============================================================================
order of product 1 sent
===============================================================================

===============================================================================
day 2
===============================================================================

===============================================================================
parts buffer status on line 0:RED and buffer = [2, 2, 2, 2, 2, 2, 2, 2, 2, 2, 2, 2, 2, 2, 2, 2, 2, 2, 2, 2, 2, 2, 2, 2, 2, 2, 2, 2, 2, 2, 2, 2, 2, 2, 2, 2, 2, 2, 2, 2, 2, 2, 2, 2, 50, 2, 50, 50, 50, 50, 50, 50, 50, 50, 2, 2, 2, 50, 50, 50, 2, 50, 50, 50, 50, 50, 50, 50, 50, 50, 2, 2, 50, 50, 50, 50, 2, 2, 2, 50, 50, 50, 50, 50, 50, 2, 50, 50, 2, 50, 2, 2, 2, 2, 2, 50, 2, 50, 2, 50]
===============================================================================

===============================================================================
LINE 0 BROKE: LACK OF PART STOCK
===============================================================================

===============================================================================
day 3
===============================================================================

===============================================================================
parts buffer status on line 0:GREEN and buffer = [42, 42, 42, 42, 42, 42, 42, 42, 42, 42, 42, 42, 42, 42, 42, 42, 42, 42, 42, 42, 42, 42, 42, 42, 42, 42, 42, 42, 42, 42, 42, 42, 42, 42, 42, 42, 42, 42, 42, 42, 42, 42, 42, 42, 90, 42, 90, 90, 90, 90, 90, 90, 90, 90, 42, 42, 42, 90, 90, 90, 42, 90, 90, 50, 90, 90, 50, 90, 90, 90, 42, 42, 90, 90, 90, 90, 42, 42, 42, 90, 90, 50, 90, 90, 90, 42, 90, 90, 42, 50, 42, 42, 42, 42, 42, 90, 42, 90, 42, 90]
===============================================================================

===============================================================================
LINE 0 BROKE: LACK OF PART STOCK
===============================================================================

===============================================================================
day 4
===============================================================================

===============================================================================
parts buffer status on line 0:GREEN and buffer = [42, 42, 42, 42, 42, 42, 42, 42, 42, 42, 42, 42, 42, 42, 42, 42, 42, 42, 42, 42, 42, 42, 42, 42, 42, 42, 42, 42, 42, 42, 42, 42, 42, 42, 42, 42, 42, 42, 42, 42, 42, 42, 42, 42, 90, 42, 90, 90, 90, 90, 90, 90, 90, 90, 42, 42, 42, 90, 90, 90, 42, 90, 90, 50, 90, 90, 50, 90, 90, 90, 42, 42, 90, 90, 90, 90, 42, 42, 42, 90, 90, 50, 90, 90, 90, 42, 90, 90, 42, 50, 42, 42, 42, 42, 42, 90, 42, 90, 42, 90]
===============================================================================

===============================================================================
LINE 0 BROKE: LACK OF PART STOCK
===============================================================================

===============================================================================
day 5
===============================================================================

===============================================================================
parts buffer status on line 0:GREEN and buffer = [42, 42, 42, 42, 42, 42, 42, 42, 42, 42, 42, 42, 42, 42, 42, 42, 42, 42, 42, 42, 42, 42, 42, 42, 42, 42, 42, 42, 42, 42, 42, 42, 42, 42, 42, 42, 42, 42, 42, 42, 42, 42, 42, 42, 90, 42, 90, 90, 90, 90, 90, 90, 90, 90, 42, 42, 42, 90, 90, 90, 42, 90, 90, 50, 90, 90, 50, 90, 90, 90, 42, 42, 90, 90, 90, 90, 42, 42, 42, 90, 90, 50, 90, 90, 90, 42, 90, 90, 42, 50, 42, 42, 42, 42, 42, 90, 42, 90, 42, 90]
===============================================================================

===============================================================================
LINE 0 BROKE: LACK OF PART STOCK
===============================================================================

===============================================================================
day 6
===============================================================================

===============================================================================
parts buffer status on line 0:GREEN and buffer = [42, 42, 42, 42, 42, 42, 42, 42, 42, 42, 42, 42, 42, 42, 42, 42, 42, 42, 42, 42, 42, 42, 42, 42, 42, 42, 42, 42, 42, 42, 42, 42, 42, 42, 42, 42, 42, 42, 42, 42, 42, 42, 42, 42, 90, 42, 90, 90, 90, 90, 90, 90, 90, 90, 42, 42, 42, 90, 90, 90, 42, 90, 90, 50, 90, 90, 50, 90, 90, 90, 42, 42, 90, 90, 90, 90, 42, 42, 42, 90, 90, 50, 90, 90, 90, 42, 90, 90, 42, 50, 42, 42, 42, 42, 42, 90, 42, 90, 42, 90]
===============================================================================

===============================================================================
LINE 0 BROKE: LACK OF PART STOCK
===============================================================================

===============================================================================
day 7
===============================================================================

===============================================================================
parts buffer status on line 0:GREEN and buffer = [42, 42, 42, 42, 42, 42, 42, 42, 42, 42, 42, 42, 42, 42, 42, 42, 42, 42, 42, 42, 42, 42, 42, 42, 42, 42, 42, 42, 42, 42, 42, 42, 42, 42, 42, 42, 42, 42, 42, 42, 42, 42, 42, 42, 90, 42, 90, 90, 90, 90, 90, 90, 90, 90, 42, 42, 42, 90, 90, 90, 42, 90, 90, 50, 90, 90, 50, 90, 90, 90, 42, 42, 90, 90, 90, 90, 42, 42, 42, 90, 90, 50, 90, 90, 90, 42, 90, 90, 42, 50, 42, 42, 42, 42, 42, 90, 42, 90, 42, 90]
===============================================================================

===============================================================================
LINE 0 BROKE: LACK OF PART STOCK
===============================================================================
