
===============================================================================
day 1
===============================================================================

===============================================================================
parts buffer status on line 2:RED and buffer = [0, 0, 0, 0, 0, 0, 0, 0, 0, 0, 0, 0, 0, 0, 0, 0, 0, 0, 0, 0, 0, 0, 0, 0, 0, 0, 0, 0, 0, 0, 0, 0, 0, 0, 0, 0, 0, 0, 0, 0, 0, 0, 0, 0, 0, 0, 0, 0, 0, 0, 0, 0, 0, 0, 0, 0, 0, 0, 0, 0, 0, 0, 0, 0, 0, 0, 0, 0, 0, 0, 0, 0, 0, 0, 0, 0, 0, 0, 0, 0, 0, 0, 0, 0, 0, 0, 0, 0, 0, 0, 0, 0, 0, 0, 0, 0, 0, 0, 0, 0]
===============================================================================

===============================================================================
LINE 2 BROKE: LACK OF PART STOCK
===============================================================================

===============================================================================
day 2
===============================================================================

===============================================================================
parts buffer status on line 2:RED and buffer = [96, 96, 96, 96, 96, 96, 96, 96, 96, 96, 96, 96, 96, 96, 96, 96, 96, 96, 96, 96, 96, 96, 96, 96, 96, 96, 96, 96, 96, 96, 96, 96, 96, 96, 96, 96, 96, 96, 96, 96, 96, 96, 96, 96, 96, 96, 96, 96, 96, 96, 96, 96, 96, 96, 96, 96, 96, 96, 96, 96, 96, 96, 96, 96, 96, 96, 96, 96, 96, 96, 96, 96, 96, 96, 96, 96, 96, 96, 96, 96, 96, 96, 96, 96, 96, 96, 96, 96, 96, 96, 96, 96, 96, 96, 96, 96, 96, 96, 96, 96]
===============================================================================

===============================================================================
order of product 3 sent
===============================================================================

===============================================================================
day 3
===============================================================================

===============================================================================
parts buffer status on line 2:YELLOW and buffer = [144, 144, 144, 144, 144, 144, 144, 144, 144, 144, 144, 144, 144, 144, 144, 144, 144, 144, 144, 144, 144, 144, 144, 144, 144, 144, 144, 144, 144, 144, 144, 144, 144, 144, 144, 144, 144, 144, 144, 144, 144, 144, 144, 192, 192, 144, 192, 144, 192, 192, 192, 192, 192, 192, 144, 144, 192, 192, 144, 192, 144, 144, 192, 192, 144, 144, 192, 192, 144, 144, 192, 192, 144, 192, 144, 144, 144, 192, 192, 144, 144, 192, 144, 144, 192, 192, 144, 144, 144, 192, 144, 192, 192, 192, 192, 192, 192, 192, 144, 144]
===============================================================================

===============================================================================
order of product 3 sent
===============================================================================

===============================================================================
day 4
===============================================================================

===============================================================================
parts buffer status on line 2:YELLOW and buffer = [192, 192, 192, 192, 192, 192, 192, 192, 192, 192, 192, 192, 192, 192, 192, 192, 192, 192, 192, 192, 192, 192, 192, 192, 192, 192, 192, 192, 192, 192, 192, 192, 192, 192, 192, 192, 192, 192, 192, 192, 192, 192, 192, 288, 192, 192, 192, 96, 192, 288, 288, 192, 192, 192, 192, 192, 288, 192, 96, 192, 192, 192, 288, 192, 96, 96, 192, 288, 96, 96, 288, 288, 96, 192, 192, 96, 192, 288, 288, 96, 96, 192, 192, 192, 288, 288, 96, 96, 192, 192, 192, 288, 288, 288, 288, 192, 288, 288, 192, 192]
===============================================================================

===============================================================================
order of product 3 sent
===============================================================================

===============================================================================
day 5
===============================================================================

===============================================================================
parts buffer status on line 2:YELLOW and buffer = [144, 144, 144, 144, 144, 144, 144, 144, 144, 144, 144, 144, 144, 144, 144, 144, 144, 144, 144, 144, 144, 144, 144, 144, 144, 144, 144, 144, 144, 144, 144, 144, 144, 144, 144, 144, 144, 144, 144, 144, 144, 144, 144, 288, 288, 144, 288, 144, 288, 288, 288, 288, 288, 288, 144, 144, 288, 288, 144, 288, 144, 144, 288, 192, 144, 144, 192, 288, 144, 144, 288, 288, 144, 288, 144, 144, 144, 288, 288, 144, 144, 192, 144, 144, 288, 288, 144, 144, 144, 192, 144, 288, 288, 288, 288, 288, 288, 288, 144, 144]
===============================================================================

===============================================================================
order of product 3 sent
===============================================================================

===============================================================================
day 6
===============================================================================

===============================================================================
parts buffer status on line 2:YELLOW and buffer = [192, 192, 192, 192, 192, 192, 192, 192, 192, 192, 192, 192, 192, 192, 192, 192, 192, 192, 192, 192, 192, 192, 192, 192, 192, 192, 192, 192, 192, 192, 192, 192, 192, 192, 192, 192, 192, 192, 192, 192, 192, 192, 192, 384, 288, 192, 288, 96, 288, 384, 384, 288, 288, 288, 192, 192, 384, 288, 96, 288, 192, 192, 384, 192, 96, 96, 192, 384, 96, 96, 384, 384, 96, 288, 192, 96, 192, 384, 384, 96, 96, 192, 192, 192, 384, 384, 96, 96, 192, 192, 192, 384, 384, 384, 384, 288, 384, 384, 192, 192]
===============================================================================

===============================================================================
order of product 3 sent
===============================================================================

===============================================================================
day 7
===============================================================================

===============================================================================
parts buffer status on line 2:YELLOW and buffer = [144, 144, 144, 144, 144, 144, 144, 144, 144, 144, 144, 144, 144, 144, 144, 144, 144, 144, 144, 144, 144, 144, 144, 144, 144, 144, 144, 144, 144, 144, 144, 144, 144, 144, 144, 144, 144, 144, 144, 144, 144, 144, 144, 384, 384, 144, 384, 144, 384, 384, 384, 384, 384, 384, 144, 144, 384, 384, 144, 384, 144, 144, 384, 192, 144, 144, 192, 384, 144, 144, 384, 384, 144, 384, 144, 144, 144, 384, 384, 144, 144, 192, 144, 144, 384, 384, 144, 144, 144, 192, 144, 384, 384, 384, 384, 384, 384, 384, 144, 144]
===============================================================================

===============================================================================
order of product 3 sent
===============================================================================

===============================================================================
day 8
===============================================================================

===============================================================================
parts buffer status on line 2:YELLOW and buffer = [192, 192, 192, 192, 192, 192, 192, 192, 192, 192, 192, 192, 192, 192, 192, 192, 192, 192, 192, 192, 192, 192, 192, 192, 192, 192, 192, 192, 192, 192, 192, 192, 192, 192, 192, 192, 192, 192, 192, 192, 192, 192, 192, 480, 384, 192, 384, 96, 384, 480, 480, 384, 384, 384, 192, 192, 480, 384, 96, 384, 192, 192, 480, 192, 96, 96, 192, 480, 96, 96, 480, 480, 96, 384, 192, 96, 192, 480, 480, 96, 96, 192, 192, 192, 480, 480, 96, 96, 192, 192, 192, 480, 480, 480, 480, 384, 480, 480, 192, 192]
===============================================================================

===============================================================================
order of product 3 sent
===============================================================================

===============================================================================
day 9
===============================================================================

===============================================================================
parts buffer status on line 2:YELLOW and buffer = [144, 144, 144, 144, 144, 144, 144, 144, 144, 144, 144, 144, 144, 144, 144, 144, 144, 144, 144, 144, 144, 144, 144, 144, 144, 144, 144, 144, 144, 144, 144, 144, 144, 144, 144, 144, 144, 144, 144, 144, 144, 144, 144, 480, 480, 144, 480, 144, 480, 480, 480, 480, 480, 480, 144, 144, 480, 480, 144, 480, 144, 144, 480, 192, 144, 144, 192, 480, 144, 144, 480, 480, 144, 480, 144, 144, 144, 480, 480, 144, 144, 192, 144, 144, 480, 480, 144, 144, 144, 192, 144, 480, 480, 480, 480, 480, 480, 480, 144, 144]
===============================================================================

===============================================================================
order of product 3 sent
===============================================================================

===============================================================================
day 10
===============================================================================

===============================================================================
parts buffer status on line 2:YELLOW and buffer = [192, 192, 192, 192, 192, 192, 192, 192, 192, 192, 192, 192, 192, 192, 192, 192, 192, 192, 192, 192, 192, 192, 192, 192, 192, 192, 192, 192, 192, 192, 192, 192, 192, 192, 192, 192, 192, 192, 192, 192, 192, 192, 192, 576, 480, 192, 480, 96, 480, 576, 576, 480, 480, 480, 192, 192, 576, 480, 96, 480, 192, 192, 576, 192, 96, 96, 192, 576, 96, 96, 576, 576, 96, 480, 192, 96, 192, 576, 576, 96, 96, 192, 192, 192, 576, 576, 96, 96, 192, 192, 192, 576, 576, 576, 576, 480, 576, 576, 192, 192]
===============================================================================

===============================================================================
order of product 3 sent
===============================================================================

===============================================================================
day 11
===============================================================================

===============================================================================
parts buffer status on line 2:YELLOW and buffer = [144, 144, 144, 144, 144, 144, 144, 144, 144, 144, 144, 144, 144, 144, 144, 144, 144, 144, 144, 144, 144, 144, 144, 144, 144, 144, 144, 144, 144, 144, 144, 144, 144, 144, 144, 144, 144, 144, 144, 144, 144, 144, 144, 576, 576, 144, 576, 144, 576, 576, 576, 576, 576, 576, 144, 144, 576, 576, 144, 576, 144, 144, 576, 192, 144, 144, 192, 576, 144, 144, 576, 576, 144, 576, 144, 144, 144, 576, 576, 144, 144, 192, 144, 144, 576, 576, 144, 144, 144, 192, 144, 576, 576, 576, 576, 576, 576, 576, 144, 144]
===============================================================================

===============================================================================
order of product 3 sent
===============================================================================
