
===============================================================================
day 0
===============================================================================

===============================================================================
enviando: 96;96;96;96;96;96;96;96;96;96;96;96;96;96;96;96;96;96;96;96;96;96;96;96;96;96;96;96;96;96;96;96;96;96;96;96;96;96;96;96;96;96;96;96;96;96;96;96;96;96;96;96;96;96;96;96;96;96;96;96;96;96;96;96;96;96;96;96;96;96;96;96;96;96;96;96;96;96;96;96;96;96;96;96;96;96;96;96;96;96;96;96;96;96;96;96;96;96;96;96
===============================================================================

===============================================================================
day 1
===============================================================================

===============================================================================
enviando: 96;96;96;96;96;96;96;96;96;96;96;96;96;96;96;96;96;96;96;96;96;96;96;96;96;96;96;96;96;96;96;96;96;96;96;96;96;96;96;96;96;96;96;96;96;96;96;96;96;96;96;96;96;96;96;96;96;96;96;96;96;96;96;96;96;96;96;96;96;96;96;96;96;96;96;96;96;96;96;96;96;96;96;96;96;96;96;96;96;96;96;96;96;96;96;96;96;96;96;96
===============================================================================

===============================================================================
day 2
===============================================================================

===============================================================================
enviando: 96;96;96;96;96;96;96;96;96;96;96;96;96;96;96;96;96;96;96;96;96;96;96;96;96;96;96;96;96;96;96;96;96;96;96;96;96;96;96;96;96;96;96;96;96;96;96;96;96;96;96;96;96;96;96;96;96;96;96;96;96;96;96;96;96;96;96;96;96;96;96;96;96;96;96;96;96;96;96;96;96;96;96;96;96;96;96;96;96;96;96;96;96;96;96;96;96;96;96;96
===============================================================================

===============================================================================
day 3
===============================================================================

===============================================================================
enviando: 96;96;96;96;96;96;96;96;96;96;96;96;96;96;96;96;96;96;96;96;96;96;96;96;96;96;96;96;96;96;96;96;96;96;96;96;96;96;96;96;96;96;96;96;96;96;96;96;96;96;96;96;96;96;96;96;96;96;96;96;96;96;96;96;96;96;96;96;96;96;96;96;96;96;96;96;96;96;96;96;96;96;96;96;96;96;96;96;96;96;96;96;96;96;96;96;96;96;96;96
===============================================================================

===============================================================================
day 4
===============================================================================

===============================================================================
enviando: 96;96;96;96;96;96;96;96;96;96;96;96;96;96;96;96;96;96;96;96;96;96;96;96;96;96;96;96;96;96;96;96;96;96;96;96;96;96;96;96;96;96;96;96;96;96;96;96;96;96;96;96;96;96;96;96;96;96;96;96;96;96;96;0;96;96;0;96;96;96;96;96;96;96;96;96;96;96;96;96;96;0;96;96;96;96;96;96;96;0;96;96;96;96;96;96;96;96;96;96
===============================================================================

===============================================================================
day 5
===============================================================================

===============================================================================
day 6
===============================================================================

===============================================================================
enviando: 96;96;96;96;96;96;96;96;96;96;96;96;96;96;96;96;96;96;96;96;96;96;96;96;96;96;96;96;96;96;96;96;96;96;96;96;96;96;96;96;96;96;96;96;96;96;96;96;96;96;96;96;96;96;96;96;96;96;96;96;96;96;96;0;96;96;0;96;96;96;96;96;96;96;96;96;96;96;96;96;96;0;96;96;96;96;96;96;96;0;96;96;96;96;96;96;96;96;96;96
===============================================================================

===============================================================================
day 7
===============================================================================

===============================================================================
day 8
===============================================================================

===============================================================================
enviando: 96;96;96;96;96;96;96;96;96;96;96;96;96;96;96;96;96;96;96;96;96;96;96;96;96;96;96;96;96;96;96;96;96;96;96;96;96;96;96;96;96;96;96;96;96;96;96;96;96;96;96;96;96;96;96;96;96;96;96;96;96;96;96;0;96;96;0;96;96;96;96;96;96;96;96;96;96;96;96;96;96;0;96;96;96;96;96;96;96;0;96;96;96;96;96;96;96;96;96;96
===============================================================================

===============================================================================
day 9
===============================================================================

===============================================================================
day 10
===============================================================================

===============================================================================
enviando: 96;96;96;96;96;96;96;96;96;96;96;96;96;96;96;96;96;96;96;96;96;96;96;96;96;96;96;96;96;96;96;96;96;96;96;96;96;96;96;96;96;96;96;96;96;96;96;96;96;96;96;96;96;96;96;96;96;96;96;96;96;96;96;0;96;96;0;96;96;96;96;96;96;96;96;96;96;96;96;96;96;0;96;96;96;96;96;96;96;0;96;96;96;96;96;96;96;96;96;96
===============================================================================
