
===============================================================================
day 1
===============================================================================

===============================================================================
parts buffer status on warehouse: RED and buffer = [0, 0, 0, 0, 0, 0, 0, 0, 0, 0, 0, 0, 0, 0, 0, 0, 0, 0, 0, 0, 0, 0, 0, 0, 0, 0, 0, 0, 0, 0, 0, 0, 0, 0, 0, 0, 0, 0, 0, 0, 0, 0, 0, 0, 0, 0, 0, 0, 0, 0, 0, 0, 0, 0, 0, 0, 0, 0, 0, 0, 0, 0, 0, 0, 0, 0, 0, 0, 0, 0, 0, 0, 0, 0, 0, 0, 0, 0, 0, 0, 0, 0, 0, 0, 0, 0, 0, 0, 0, 0, 0, 0, 0, 0, 0, 0, 0, 0, 0, 0]
===============================================================================

===============================================================================
day 2
===============================================================================

===============================================================================
parts buffer status on warehouse: GREEN and buffer = [74880, 74880, 74880, 74880, 74880, 74880, 74880, 74880, 74880, 74880, 74880, 74880, 74880, 74880, 74880, 74880, 74880, 74880, 74880, 74880, 74880, 74880, 74880, 74880, 74880, 74880, 74880, 74880, 74880, 74880, 74880, 74880, 74880, 74880, 74880, 74880, 74880, 74880, 74880, 74880, 74880, 74880, 74880, 74880, 74880, 74880, 74880, 74880, 74880, 74880, 74880, 74880, 74880, 74880, 74880, 74880, 74880, 74880, 74880, 74880, 74880, 74880, 74880, 74880, 74880, 74880, 74880, 74880, 74880, 74880, 74880, 74880, 74880, 74880, 74880, 74880, 74880, 74880, 74880, 74880, 74880, 74880, 74880, 74880, 74880, 74880, 74880, 74880, 74880, 74880, 74880, 74880, 74880, 74880, 74880, 74880, 74880, 74880, 74880, 74880]
===============================================================================

===============================================================================
day 3
===============================================================================

===============================================================================
parts buffer status on warehouse: GREEN and buffer = [74880, 74880, 74880, 74880, 74880, 74880, 74880, 74880, 74880, 74880, 74880, 74880, 74880, 74880, 74880, 74880, 74880, 74880, 74880, 74880, 74880, 74880, 74880, 74880, 74880, 74880, 74880, 74880, 74880, 74880, 74880, 74880, 74880, 74880, 74880, 74880, 74880, 74880, 74880, 74880, 74880, 74880, 74880, 74880, 74880, 74880, 74880, 74880, 74880, 74880, 74880, 74880, 74880, 74880, 74880, 74880, 74880, 74880, 74880, 74880, 74880, 74880, 74880, 74880, 74880, 74880, 74880, 74880, 74880, 74880, 74880, 74880, 74880, 74880, 74880, 74880, 74880, 74880, 74880, 74880, 74880, 74880, 74880, 74880, 74880, 74880, 74880, 74880, 74880, 74880, 74880, 74880, 74880, 74880, 74880, 74880, 74880, 74880, 74880, 74880]
===============================================================================

===============================================================================
day 4
===============================================================================

===============================================================================
parts buffer status on warehouse: GREEN and buffer = [74880, 74880, 74880, 74880, 74880, 74880, 74880, 74880, 74880, 74880, 74880, 74880, 74880, 74880, 74880, 74880, 74880, 74880, 74880, 74880, 74880, 74880, 74880, 74880, 74880, 74880, 74880, 74880, 74880, 74880, 74880, 74880, 74880, 74880, 74880, 74880, 74880, 74880, 74880, 74880, 74880, 74880, 74880, 74880, 74880, 74880, 74880, 74880, 74880, 74880, 74880, 74880, 74880, 74880, 74880, 74880, 74880, 74880, 74880, 74880, 74880, 74880, 74880, 74880, 74880, 74880, 74880, 74880, 74880, 74880, 74880, 74880, 74880, 74880, 74880, 74880, 74880, 74880, 74880, 74880, 74880, 74880, 74880, 74880, 74880, 74880, 74880, 74880, 74880, 74880, 74880, 74880, 74880, 74880, 74880, 74880, 74880, 74880, 74880, 74880]
===============================================================================

===============================================================================
day 5
===============================================================================

===============================================================================
parts buffer status on warehouse: GREEN and buffer = [74880, 74880, 74880, 74880, 74880, 74880, 74880, 74880, 74880, 74880, 74880, 74880, 74880, 74880, 74880, 74880, 74880, 74880, 74880, 74880, 74880, 74880, 74880, 74880, 74880, 74880, 74880, 74880, 74880, 74880, 74880, 74880, 74880, 74880, 74880, 74880, 74880, 74880, 74880, 74880, 74880, 74880, 74880, 74880, 74880, 74880, 74880, 74880, 74880, 74880, 74880, 74880, 74880, 74880, 74880, 74880, 74880, 74880, 74880, 74880, 74880, 74880, 74880, 74880, 74880, 74880, 74880, 74880, 74880, 74880, 74880, 74880, 74880, 74880, 74880, 74880, 74880, 74880, 74880, 74880, 74880, 74880, 74880, 74880, 74880, 74880, 74880, 74880, 74880, 74880, 74880, 74880, 74880, 74880, 74880, 74880, 74880, 74880, 74880, 74880]
===============================================================================

===============================================================================
day 6
===============================================================================

===============================================================================
parts buffer status on warehouse: GREEN and buffer = [74880, 74880, 74880, 74880, 74880, 74880, 74880, 74880, 74880, 74880, 74880, 74880, 74880, 74880, 74880, 74880, 74880, 74880, 74880, 74880, 74880, 74880, 74880, 74880, 74880, 74880, 74880, 74880, 74880, 74880, 74880, 74880, 74880, 74880, 74880, 74880, 74880, 74880, 74880, 74880, 74880, 74880, 74880, 74880, 74880, 74880, 74880, 74880, 74880, 74880, 74880, 74880, 74880, 74880, 74880, 74880, 74880, 74880, 74880, 74880, 74880, 74880, 74880, 74880, 74880, 74880, 74880, 74880, 74880, 74880, 74880, 74880, 74880, 74880, 74880, 74880, 74880, 74880, 74880, 74880, 74880, 74880, 74880, 74880, 74880, 74880, 74880, 74880, 74880, 74880, 74880, 74880, 74880, 74880, 74880, 74880, 74880, 74880, 74880, 74880]
===============================================================================

===============================================================================
day 7
===============================================================================

===============================================================================
parts buffer status on warehouse: GREEN and buffer = [74880, 74880, 74880, 74880, 74880, 74880, 74880, 74880, 74880, 74880, 74880, 74880, 74880, 74880, 74880, 74880, 74880, 74880, 74880, 74880, 74880, 74880, 74880, 74880, 74880, 74880, 74880, 74880, 74880, 74880, 74880, 74880, 74880, 74880, 74880, 74880, 74880, 74880, 74880, 74880, 74880, 74880, 74880, 74880, 74880, 74880, 74880, 74880, 74880, 74880, 74880, 74880, 74880, 74880, 74880, 74880, 74880, 74880, 74880, 74880, 74880, 74880, 74880, 74880, 74880, 74880, 74880, 74880, 74880, 74880, 74880, 74880, 74880, 74880, 74880, 74880, 74880, 74880, 74880, 74880, 74880, 74880, 74880, 74880, 74880, 74880, 74880, 74880, 74880, 74880, 74880, 74880, 74880, 74880, 74880, 74880, 74880, 74880, 74880, 74880]
===============================================================================

===============================================================================
day 8
===============================================================================

===============================================================================
parts buffer status on warehouse: GREEN and buffer = [74880, 74880, 74880, 74880, 74880, 74880, 74880, 74880, 74880, 74880, 74880, 74880, 74880, 74880, 74880, 74880, 74880, 74880, 74880, 74880, 74880, 74880, 74880, 74880, 74880, 74880, 74880, 74880, 74880, 74880, 74880, 74880, 74880, 74880, 74880, 74880, 74880, 74880, 74880, 74880, 74880, 74880, 74880, 74880, 74880, 74880, 74880, 74880, 74880, 74880, 74880, 74880, 74880, 74880, 74880, 74880, 74880, 74880, 74880, 74880, 74880, 74880, 74880, 74880, 74880, 74880, 74880, 74880, 74880, 74880, 74880, 74880, 74880, 74880, 74880, 74880, 74880, 74880, 74880, 74880, 74880, 74880, 74880, 74880, 74880, 74880, 74880, 74880, 74880, 74880, 74880, 74880, 74880, 74880, 74880, 74880, 74880, 74880, 74880, 74880]
===============================================================================

===============================================================================
day 9
===============================================================================

===============================================================================
parts buffer status on warehouse: GREEN and buffer = [74880, 74880, 74880, 74880, 74880, 74880, 74880, 74880, 74880, 74880, 74880, 74880, 74880, 74880, 74880, 74880, 74880, 74880, 74880, 74880, 74880, 74880, 74880, 74880, 74880, 74880, 74880, 74880, 74880, 74880, 74880, 74880, 74880, 74880, 74880, 74880, 74880, 74880, 74880, 74880, 74880, 74880, 74880, 74880, 74880, 74880, 74880, 74880, 74880, 74880, 74880, 74880, 74880, 74880, 74880, 74880, 74880, 74880, 74880, 74880, 74880, 74880, 74880, 74880, 74880, 74880, 74880, 74880, 74880, 74880, 74880, 74880, 74880, 74880, 74880, 74880, 74880, 74880, 74880, 74880, 74880, 74880, 74880, 74880, 74880, 74880, 74880, 74880, 74880, 74880, 74880, 74880, 74880, 74880, 74880, 74880, 74880, 74880, 74880, 74880]
===============================================================================

===============================================================================
day 10
===============================================================================

===============================================================================
parts buffer status on warehouse: GREEN and buffer = [74880, 74880, 74880, 74880, 74880, 74880, 74880, 74880, 74880, 74880, 74880, 74880, 74880, 74880, 74880, 74880, 74880, 74880, 74880, 74880, 74880, 74880, 74880, 74880, 74880, 74880, 74880, 74880, 74880, 74880, 74880, 74880, 74880, 74880, 74880, 74880, 74880, 74880, 74880, 74880, 74880, 74880, 74880, 74880, 74880, 74880, 74880, 74880, 74880, 74880, 74880, 74880, 74880, 74880, 74880, 74880, 74880, 74880, 74880, 74880, 74880, 74880, 74880, 74880, 74880, 74880, 74880, 74880, 74880, 74880, 74880, 74880, 74880, 74880, 74880, 74880, 74880, 74880, 74880, 74880, 74880, 74880, 74880, 74880, 74880, 74880, 74880, 74880, 74880, 74880, 74880, 74880, 74880, 74880, 74880, 74880, 74880, 74880, 74880, 74880]
===============================================================================

===============================================================================
day 11
===============================================================================

===============================================================================
parts buffer status on warehouse: GREEN and buffer = [74880, 74880, 74880, 74880, 74880, 74880, 74880, 74880, 74880, 74880, 74880, 74880, 74880, 74880, 74880, 74880, 74880, 74880, 74880, 74880, 74880, 74880, 74880, 74880, 74880, 74880, 74880, 74880, 74880, 74880, 74880, 74880, 74880, 74880, 74880, 74880, 74880, 74880, 74880, 74880, 74880, 74880, 74880, 74880, 74880, 74880, 74880, 74880, 74880, 74880, 74880, 74880, 74880, 74880, 74880, 74880, 74880, 74880, 74880, 74880, 74880, 74880, 74880, 74880, 74880, 74880, 74880, 74880, 74880, 74880, 74880, 74880, 74880, 74880, 74880, 74880, 74880, 74880, 74880, 74880, 74880, 74880, 74880, 74880, 74880, 74880, 74880, 74880, 74880, 74880, 74880, 74880, 74880, 74880, 74880, 74880, 74880, 74880, 74880, 74880]
===============================================================================

===============================================================================
day 12
===============================================================================

===============================================================================
parts buffer status on warehouse: GREEN and buffer = [74880, 74880, 74880, 74880, 74880, 74880, 74880, 74880, 74880, 74880, 74880, 74880, 74880, 74880, 74880, 74880, 74880, 74880, 74880, 74880, 74880, 74880, 74880, 74880, 74880, 74880, 74880, 74880, 74880, 74880, 74880, 74880, 74880, 74880, 74880, 74880, 74880, 74880, 74880, 74880, 74880, 74880, 74880, 74880, 74880, 74880, 74880, 74880, 74880, 74880, 74880, 74880, 74880, 74880, 74880, 74880, 74880, 74880, 74880, 74880, 74880, 74880, 74880, 74880, 74880, 74880, 74880, 74880, 74880, 74880, 74880, 74880, 74880, 74880, 74880, 74880, 74880, 74880, 74880, 74880, 74880, 74880, 74880, 74880, 74880, 74880, 74880, 74880, 74880, 74880, 74880, 74880, 74880, 74880, 74880, 74880, 74880, 74880, 74880, 74880]
===============================================================================

===============================================================================
day 13
===============================================================================

===============================================================================
parts buffer status on warehouse: GREEN and buffer = [74880, 74880, 74880, 74880, 74880, 74880, 74880, 74880, 74880, 74880, 74880, 74880, 74880, 74880, 74880, 74880, 74880, 74880, 74880, 74880, 74880, 74880, 74880, 74880, 74880, 74880, 74880, 74880, 74880, 74880, 74880, 74880, 74880, 74880, 74880, 74880, 74880, 74880, 74880, 74880, 74880, 74880, 74880, 74880, 74880, 74880, 74880, 74880, 74880, 74880, 74880, 74880, 74880, 74880, 74880, 74880, 74880, 74880, 74880, 74880, 74880, 74880, 74880, 74880, 74880, 74880, 74880, 74880, 74880, 74880, 74880, 74880, 74880, 74880, 74880, 74880, 74880, 74880, 74880, 74880, 74880, 74880, 74880, 74880, 74880, 74880, 74880, 74880, 74880, 74880, 74880, 74880, 74880, 74880, 74880, 74880, 74880, 74880, 74880, 74880]
===============================================================================

===============================================================================
day 14
===============================================================================

===============================================================================
parts buffer status on warehouse: GREEN and buffer = [74880, 74880, 74880, 74880, 74880, 74880, 74880, 74880, 74880, 74880, 74880, 74880, 74880, 74880, 74880, 74880, 74880, 74880, 74880, 74880, 74880, 74880, 74880, 74880, 74880, 74880, 74880, 74880, 74880, 74880, 74880, 74880, 74880, 74880, 74880, 74880, 74880, 74880, 74880, 74880, 74880, 74880, 74880, 74880, 74880, 74880, 74880, 74880, 74880, 74880, 74880, 74880, 74880, 74880, 74880, 74880, 74880, 74880, 74880, 74880, 74880, 74880, 74880, 74880, 74880, 74880, 74880, 74880, 74880, 74880, 74880, 74880, 74880, 74880, 74880, 74880, 74880, 74880, 74880, 74880, 74880, 74880, 74880, 74880, 74880, 74880, 74880, 74880, 74880, 74880, 74880, 74880, 74880, 74880, 74880, 74880, 74880, 74880, 74880, 74880]
===============================================================================

===============================================================================
day 15
===============================================================================

===============================================================================
parts buffer status on warehouse: GREEN and buffer = [74880, 74880, 74880, 74880, 74880, 74880, 74880, 74880, 74880, 74880, 74880, 74880, 74880, 74880, 74880, 74880, 74880, 74880, 74880, 74880, 74880, 74880, 74880, 74880, 74880, 74880, 74880, 74880, 74880, 74880, 74880, 74880, 74880, 74880, 74880, 74880, 74880, 74880, 74880, 74880, 74880, 74880, 74880, 74880, 74880, 74880, 74880, 74880, 74880, 74880, 74880, 74880, 74880, 74880, 74880, 74880, 74880, 74880, 74880, 74880, 74880, 74880, 74880, 74880, 74880, 74880, 74880, 74880, 74880, 74880, 74880, 74880, 74880, 74880, 74880, 74880, 74880, 74880, 74880, 74880, 74880, 74880, 74880, 74880, 74880, 74880, 74880, 74880, 74880, 74880, 74880, 74880, 74880, 74880, 74880, 74880, 74880, 74880, 74880, 74880]
===============================================================================

===============================================================================
day 16
===============================================================================

===============================================================================
parts buffer status on warehouse: GREEN and buffer = [67680, 67680, 67680, 67680, 67680, 67680, 67680, 67680, 67680, 67680, 67680, 67680, 67680, 67680, 67680, 67680, 67680, 67680, 67680, 67680, 67680, 67680, 67680, 67680, 67680, 67680, 67680, 67680, 67680, 67680, 67680, 67680, 67680, 67680, 67680, 67680, 67680, 67680, 67680, 67680, 67680, 67680, 67680, 69120, 73440, 69120, 73440, 72000, 72000, 72000, 72000, 73440, 73440, 73440, 70560, 67680, 73440, 72000, 72000, 73440, 70560, 72000, 70560, 74880, 73440, 72000, 74880, 70560, 73440, 72000, 72000, 69120, 73440, 73440, 69120, 70560, 70560, 70560, 72000, 72000, 72000, 74880, 70560, 70560, 73440, 72000, 72000, 70560, 67680, 74880, 67680, 70560, 70560, 70560, 69120, 72000, 72000, 70560, 70560, 69120]
===============================================================================

===============================================================================
day 17
===============================================================================

===============================================================================
parts buffer status on warehouse: GREEN and buffer = [63360, 63360, 63360, 63360, 63360, 63360, 63360, 63360, 63360, 63360, 63360, 63360, 63360, 63360, 63360, 63360, 63360, 63360, 63360, 63360, 63360, 63360, 63360, 63360, 63360, 63360, 63360, 63360, 63360, 63360, 63360, 63360, 63360, 63360, 63360, 63360, 63360, 63360, 63360, 63360, 63360, 63360, 63360, 69120, 73440, 69120, 73440, 72000, 72000, 72000, 72000, 73440, 73440, 73440, 70560, 63360, 73440, 72000, 72000, 73440, 70560, 72000, 70560, 74880, 73440, 72000, 74880, 70560, 73440, 72000, 72000, 69120, 73440, 73440, 69120, 70560, 70560, 70560, 72000, 72000, 72000, 74880, 70560, 70560, 73440, 72000, 72000, 70560, 63360, 74880, 63360, 70560, 70560, 70560, 69120, 72000, 72000, 70560, 70560, 69120]
===============================================================================

===============================================================================
day 18
===============================================================================

===============================================================================
parts buffer status on warehouse: GREEN and buffer = [63360, 63360, 63360, 63360, 63360, 63360, 63360, 63360, 63360, 63360, 63360, 63360, 63360, 63360, 63360, 63360, 63360, 63360, 63360, 63360, 63360, 63360, 63360, 63360, 63360, 63360, 63360, 63360, 63360, 63360, 63360, 63360, 63360, 63360, 63360, 63360, 63360, 63360, 63360, 63360, 63360, 63360, 63360, 69120, 73440, 67680, 73440, 72000, 72000, 72000, 72000, 73440, 73440, 73440, 70560, 63360, 73440, 72000, 72000, 73440, 70560, 72000, 70560, 74880, 73440, 72000, 74880, 70560, 73440, 72000, 72000, 69120, 73440, 73440, 69120, 70560, 70560, 70560, 72000, 72000, 72000, 74880, 70560, 70560, 73440, 72000, 72000, 70560, 63360, 74880, 63360, 70560, 70560, 70560, 69120, 72000, 72000, 70560, 70560, 69120]
===============================================================================

===============================================================================
day 19
===============================================================================

===============================================================================
parts buffer status on warehouse: GREEN and buffer = [63360, 63360, 63360, 63360, 63360, 63360, 63360, 63360, 63360, 63360, 63360, 63360, 63360, 63360, 63360, 63360, 63360, 63360, 63360, 63360, 63360, 63360, 63360, 63360, 63360, 63360, 63360, 63360, 63360, 63360, 63360, 63360, 63360, 63360, 63360, 63360, 63360, 63360, 63360, 63360, 63360, 63360, 63360, 67680, 73440, 64800, 73440, 72000, 72000, 72000, 72000, 73440, 73440, 73440, 69120, 63360, 73440, 72000, 72000, 73440, 69120, 72000, 70560, 74880, 73440, 72000, 74880, 70560, 73440, 72000, 72000, 67680, 73440, 73440, 69120, 70560, 70560, 70560, 72000, 72000, 72000, 74880, 70560, 70560, 73440, 72000, 72000, 70560, 63360, 74880, 63360, 70560, 70560, 70560, 67680, 72000, 72000, 70560, 69120, 69120]
===============================================================================

===============================================================================
day 20
===============================================================================

===============================================================================
parts buffer status on warehouse: GREEN and buffer = [63360, 63360, 63360, 63360, 63360, 63360, 63360, 63360, 63360, 63360, 63360, 63360, 63360, 63360, 63360, 63360, 63360, 63360, 63360, 63360, 63360, 63360, 63360, 63360, 63360, 63360, 63360, 63360, 63360, 63360, 63360, 63360, 63360, 63360, 63360, 63360, 63360, 63360, 63360, 63360, 63360, 63360, 63360, 67680, 73440, 64800, 73440, 72000, 72000, 72000, 72000, 73440, 73440, 73440, 69120, 63360, 73440, 72000, 72000, 73440, 69120, 72000, 70560, 74880, 73440, 72000, 74880, 70560, 73440, 72000, 72000, 67680, 73440, 73440, 69120, 70560, 70560, 70560, 72000, 72000, 72000, 74880, 70560, 70560, 73440, 72000, 72000, 70560, 63360, 74880, 63360, 70560, 70560, 70560, 67680, 72000, 72000, 70560, 69120, 69120]
===============================================================================

===============================================================================
day 21
===============================================================================

===============================================================================
parts buffer status on warehouse: GREEN and buffer = [63360, 63360, 63360, 63360, 63360, 63360, 63360, 63360, 63360, 63360, 63360, 63360, 63360, 63360, 63360, 63360, 63360, 63360, 63360, 63360, 63360, 63360, 63360, 63360, 63360, 63360, 63360, 63360, 63360, 63360, 63360, 63360, 63360, 63360, 63360, 63360, 63360, 63360, 63360, 63360, 63360, 63360, 63360, 67680, 73440, 64800, 73440, 72000, 72000, 72000, 72000, 73440, 73440, 73440, 69120, 63360, 73440, 72000, 72000, 73440, 69120, 72000, 70560, 74880, 73440, 72000, 74880, 70560, 73440, 72000, 72000, 67680, 73440, 73440, 66240, 70560, 70560, 70560, 72000, 72000, 72000, 74880, 70560, 70560, 73440, 72000, 72000, 70560, 63360, 74880, 63360, 70560, 70560, 70560, 67680, 72000, 72000, 70560, 69120, 66240]
===============================================================================
